
================================================================================
OVERALL RESULTS ACROSS ALL SCENES AND STAGES
================================================================================


Stage 0:
	 Overall PSNR (train): 28.829357
	 Overall SSIM (train): 0.949569
	 Overall LPIPS (train): 0.029083
	 Overall IoU (train): 0.852635
	 Overall PSNR (test): 26.167129
	 Overall SSIM (test): 0.944414
	 Overall LPIPS (test): 0.050475
	 Overall IoU (test): 0.720543

Stage 1:
	 Overall PSNR (train): 28.081496
	 Overall SSIM (train): 0.947227
	 Overall LPIPS (train): 0.033539
	 Overall IoU (train): 0.814516
	 Overall PSNR (test): 24.999656
	 Overall SSIM (test): 0.939295
	 Overall LPIPS (test): 0.060887
	 Overall IoU (test): 0.659037

================================================================================
COMPACT METRICS TABLE BY SCENE AND STAGE
================================================================================

Scene                          | Stage  | PSNR-train   | SSIM-train   | LPIPS-train    | IoU-train    | PSNR-test    | SSIM-test    | LPIPS-test     | IoU-test    
------------------------------------------------------------------------------------------------------------------------------------------------------------------------------------
double_lift_cloth_1            | 0      | 30.396644    | 0.957824     | 0.033676       | 0.956638     | 27.080049    | 0.939958     | 0.060468       | 0.922642    
double_lift_cloth_1            | 1      | 29.038506    | 0.956546     | 0.038943       | 0.931529     | 22.076251    | 0.919355     | 0.107998       | 0.729016    
double_lift_cloth_3            | 0      | 28.856173    | 0.884782     | 0.039263       | 0.964113     | 23.030271    | 0.866723     | 0.103733       | 0.847134    
double_lift_cloth_3            | 1      | 28.827313    | 0.884238     | 0.041661       | 0.956943     | 22.660102    | 0.859652     | 0.121517       | 0.812261    
double_lift_sloth              | 0      | 28.603373    | 0.944583     | 0.022388       | 0.892751     | 24.840093    | 0.922184     | 0.068704       | 0.774801    
double_lift_sloth              | 1      | 28.014497    | 0.942533     | 0.026050       | 0.886968     | 22.834099    | 0.910123     | 0.087142       | 0.696241    
double_lift_zebra              | 0      | 27.138214    | 0.955580     | 0.016435       | 0.852890     | 24.449376    | 0.940586     | 0.046634       | 0.704635    
double_lift_zebra              | 1      | 26.059972    | 0.951164     | 0.022193       | 0.794506     | 23.022905    | 0.932506     | 0.062570       | 0.544523    
double_stretch_sloth           | 0      | 27.137334    | 0.936734     | 0.035437       | 0.854065     | 26.922828    | 0.936842     | 0.035720       | 0.840768    
double_stretch_sloth           | 1      | 24.832288    | 0.929454     | 0.047786       | 0.772424     | 24.495087    | 0.929367     | 0.044578       | 0.772585    
double_stretch_zebra           | 0      | 27.341374    | 0.957334     | 0.022173       | 0.825402     | 25.292434    | 0.950271     | 0.036350       | 0.699781    
double_stretch_zebra           | 1      | 25.754839    | 0.951632     | 0.033131       | 0.710781     | 25.211375    | 0.948613     | 0.040817       | 0.674828    
rope_double_hand               | 0      | 28.214170    | 0.975895     | 0.019858       | 0.726520     | 27.942122    | 0.976271     | 0.019680       | 0.700189    
rope_double_hand               | 1      | 26.482612    | 0.972564     | 0.030811       | 0.639915     | 25.866688    | 0.971731     | 0.033966       | 0.589679    
single_clift_cloth_1           | 0      | 30.251191    | 0.955281     | 0.031335       | 0.953817     | 26.833913    | 0.942249     | 0.051139       | 0.906732    
single_clift_cloth_1           | 1      | 30.332510    | 0.955629     | 0.031067       | 0.955889     | 26.567359    | 0.942092     | 0.053384       | 0.896967    
single_clift_cloth_3           | 0      | 29.403491    | 0.884650     | 0.035218       | 0.969109     | 28.651106    | 0.883445     | 0.047129       | 0.966249    
single_clift_cloth_3           | 1      | 29.049777    | 0.885065     | 0.038043       | 0.963899     | 26.461984    | 0.882281     | 0.058883       | 0.929594    
single_lift_cloth              | 0      | 28.392763    | 0.910744     | 0.057742       | 0.836085     | 26.047100    | 0.916714     | 0.094098       | 0.658995    
single_lift_cloth              | 1      | 27.555510    | 0.903936     | 0.067059       | 0.804947     | 25.672912    | 0.912731     | 0.093420       | 0.674166    
single_lift_cloth_1            | 0      | 30.176450    | 0.965474     | 0.027256       | 0.921251     | 24.025445    | 0.959050     | 0.060453       | 0.556186    
single_lift_cloth_1            | 1      | 30.384006    | 0.965680     | 0.026907       | 0.923325     | 23.822660    | 0.958148     | 0.061718       | 0.573015    
single_lift_cloth_3            | 0      | 26.121302    | 0.890333     | 0.071124       | 0.907369     | 23.951458    | 0.916103     | 0.096471       | 0.785211    
single_lift_cloth_3            | 1      | 26.833040    | 0.891533     | 0.063768       | 0.921079     | 22.952647    | 0.903323     | 0.114408       | 0.741064    
single_lift_cloth_4            | 0      | 24.376772    | 0.940894     | 0.067239       | 0.868555     | 22.300200    | 0.948870     | 0.071874       | 0.656067    
single_lift_cloth_4            | 1      | 24.430348    | 0.937724     | 0.068940       | 0.853560     | 22.163302    | 0.943428     | 0.073795       | 0.655716    
single_lift_dinosor            | 0      | 29.483630    | 0.973598     | 0.022626       | 0.908993     | 25.951165    | 0.958535     | 0.050366       | 0.849629    
single_lift_dinosor            | 1      | 28.895455    | 0.971720     | 0.025371       | 0.901397     | 23.619350    | 0.952042     | 0.064576       | 0.753315    
single_lift_rope               | 0      | 31.580072    | 0.985957     | 0.009368       | 0.792644     | 31.352199    | 0.985534     | 0.013244       | 0.756058    
single_lift_rope               | 1      | 30.941165    | 0.984944     | 0.009978       | 0.770632     | 31.293951    | 0.984514     | 0.013663       | 0.746609    
single_lift_sloth              | 0      | 29.573354    | 0.955832     | 0.017092       | 0.904830     | 25.063359    | 0.945989     | 0.053033       | 0.779578    
single_lift_sloth              | 1      | 28.997066    | 0.953869     | 0.018174       | 0.897593     | 24.653406    | 0.943677     | 0.054426       | 0.752776    
single_lift_zebra              | 0      | 28.623829    | 0.963412     | 0.012591       | 0.882601     | 24.621519    | 0.948570     | 0.046902       | 0.645574    
single_lift_zebra              | 1      | 28.004645    | 0.960891     | 0.013750       | 0.864992     | 24.111376    | 0.946022     | 0.053148       | 0.575916    
single_push_rope               | 0      | 31.774156    | 0.986625     | 0.008207       | 0.801930     | 27.876840    | 0.980423     | 0.015306       | 0.661176    
single_push_rope               | 1      | 29.433943    | 0.983437     | 0.013851       | 0.713715     | 25.138050    | 0.976910     | 0.031078       | 0.477146    
single_push_rope_1             | 0      | 32.145892    | 0.980430     | 0.009413       | 0.783253     | 28.773776    | 0.975045     | 0.021075       | 0.594360    
single_push_rope_1             | 1      | 32.605560    | 0.981830     | 0.008407       | 0.807637     | 30.436208    | 0.979893     | 0.015146       | 0.699231    
single_push_rope_4             | 0      | 29.689240    | 0.985223     | 0.010144       | 0.584500     | 29.303435    | 0.984271     | 0.011197       | 0.523874    
single_push_rope_4             | 1      | 28.636621    | 0.983459     | 0.022396       | 0.358631     | 27.499034    | 0.980471     | 0.028866       | 0.218607    
single_push_sloth              | 0      | 26.654278    | 0.940170     | 0.035349       | 0.829028     | 24.541744    | 0.931850     | 0.063405       | 0.718727    
single_push_sloth              | 1      | 24.673041    | 0.932474     | 0.050217       | 0.751972     | 22.298815    | 0.920911     | 0.079061       | 0.617687    
weird_package                  | 0      | 28.312150    | 0.959166     | 0.035891       | 0.741639     | 26.826420    | 0.967631     | 0.043469       | 0.303584    
weird_package                  | 1      | 28.010188    | 0.958677     | 0.039366       | 0.737026     | 27.134875    | 0.966708     | 0.045355       | 0.367864    
