
================================================================================
OVERALL RESULTS ACROSS ALL SCENES AND STAGES
================================================================================


Stage 0:
	 Overall PSNR (train): 28.829357
	 Overall SSIM (train): 0.949569
	 Overall LPIPS (train): 0.029083
	 Overall IoU (train): 0.852635
	 Overall PSNR (test): 26.167129
	 Overall SSIM (test): 0.944414
	 Overall LPIPS (test): 0.050475
	 Overall IoU (test): 0.720543

Stage 1:
	 Overall PSNR (train): 21.802265
	 Overall SSIM (train): 0.916179
	 Overall LPIPS (train): 0.112719
	 Overall IoU (train): 0.395496
	 Overall PSNR (test): 21.950282
	 Overall SSIM (test): 0.915297
	 Overall LPIPS (test): 0.115929
	 Overall IoU (test): 0.363814

================================================================================
COMPACT METRICS TABLE BY SCENE AND STAGE
================================================================================

Scene                          | Stage  | PSNR-train   | SSIM-train   | LPIPS-train    | IoU-train    | PSNR-test    | SSIM-test    | LPIPS-test     | IoU-test    
------------------------------------------------------------------------------------------------------------------------------------------------------------------------------------
double_lift_cloth_1            | 0      | 30.396644    | 0.957824     | 0.033676       | 0.956638     | 27.080049    | 0.939958     | 0.060468       | 0.922642    
double_lift_cloth_1            | 1      | 20.290639    | 0.916867     | 0.125268       | 0.643557     | 21.577208    | 0.912486     | 0.128703       | 0.720655    
double_lift_cloth_3            | 0      | 28.856173    | 0.884782     | 0.039263       | 0.964113     | 23.030271    | 0.866723     | 0.103733       | 0.847134    
double_lift_cloth_3            | 1      | 22.692944    | 0.862169     | 0.120676       | 0.838512     | 22.098206    | 0.861193     | 0.126226       | 0.810189    
double_lift_sloth              | 0      | 28.603373    | 0.944583     | 0.022388       | 0.892751     | 24.840093    | 0.922184     | 0.068704       | 0.774801    
double_lift_sloth              | 1      | 17.852681    | 0.862068     | 0.189411       | 0.182238     | 18.312293    | 0.859461     | 0.195697       | 0.207358    
double_lift_zebra              | 0      | 27.138214    | 0.955580     | 0.016435       | 0.852890     | 24.449376    | 0.940586     | 0.046634       | 0.704635    
double_lift_zebra              | 1      | 20.799653    | 0.916078     | 0.127113       | 0.308537     | 20.261457    | 0.910122     | 0.141500       | 0.245163    
double_stretch_sloth           | 0      | 27.137334    | 0.936734     | 0.035437       | 0.854065     | 26.922828    | 0.936842     | 0.035720       | 0.840768    
double_stretch_sloth           | 1      | 23.370038    | 0.919860     | 0.062179       | 0.699397     | 23.658730    | 0.925449     | 0.056105       | 0.724503    
double_stretch_zebra           | 0      | 27.341374    | 0.957334     | 0.022173       | 0.825402     | 25.292434    | 0.950271     | 0.036350       | 0.699781    
double_stretch_zebra           | 1      | 24.034867    | 0.944100     | 0.051688       | 0.552104     | 24.143038    | 0.943841     | 0.055011       | 0.563317    
rope_double_hand               | 0      | 28.214170    | 0.975895     | 0.019858       | 0.726520     | 27.942122    | 0.976271     | 0.019680       | 0.700189    
rope_double_hand               | 1      | 26.006443    | 0.972337     | 0.036152       | 0.604811     | 25.485272    | 0.971048     | 0.040015       | 0.559142    
single_clift_cloth_1           | 0      | 30.251191    | 0.955281     | 0.031335       | 0.953817     | 26.833913    | 0.942249     | 0.051139       | 0.906732    
single_clift_cloth_1           | 1      | 26.873671    | 0.947913     | 0.050008       | 0.891183     | 24.403844    | 0.938073     | 0.075695       | 0.799285    
single_clift_cloth_3           | 0      | 29.403491    | 0.884650     | 0.035218       | 0.969109     | 28.651106    | 0.883445     | 0.047129       | 0.966249    
single_clift_cloth_3           | 1      | 26.241992    | 0.871396     | 0.061999       | 0.928006     | 27.727021    | 0.879841     | 0.055240       | 0.953396    
single_lift_cloth              | 0      | 28.392763    | 0.910744     | 0.057742       | 0.836085     | 26.047100    | 0.916714     | 0.094098       | 0.658995    
single_lift_cloth              | 1      | 23.625822    | 0.876442     | 0.149725       | 0.496440     | 24.603294    | 0.892891     | 0.133384       | 0.460871    
single_lift_cloth_1            | 0      | 30.176450    | 0.965474     | 0.027256       | 0.921251     | 24.025445    | 0.959050     | 0.060453       | 0.556186    
single_lift_cloth_1            | 1      | 18.985742    | 0.918960     | 0.123786       | 0.245888     | 20.240436    | 0.911962     | 0.129177       | 0.126776    
single_lift_cloth_3            | 0      | 26.121302    | 0.890333     | 0.071124       | 0.907369     | 23.951458    | 0.916103     | 0.096471       | 0.785211    
single_lift_cloth_3            | 1      | 18.580062    | 0.846546     | 0.192986       | 0.468828     | 19.667433    | 0.867749     | 0.170812       | 0.414248    
single_lift_cloth_4            | 0      | 24.376772    | 0.940894     | 0.067239       | 0.868555     | 22.300200    | 0.948870     | 0.071874       | 0.656067    
single_lift_cloth_4            | 1      | 15.763014    | 0.874647     | 0.176272       | 0.306496     | 15.036017    | 0.840463     | 0.192390       | 0.140061    
single_lift_dinosor            | 0      | 29.483630    | 0.973598     | 0.022626       | 0.908993     | 25.951165    | 0.958535     | 0.050366       | 0.849629    
single_lift_dinosor            | 1      | 19.705345    | 0.924744     | 0.111220       | 0.423321     | 20.414184    | 0.928475     | 0.108374       | 0.535980    
single_lift_rope               | 0      | 31.580072    | 0.985957     | 0.009368       | 0.792644     | 31.352199    | 0.985534     | 0.013244       | 0.756058    
single_lift_rope               | 1      | 23.243198    | 0.971823     | 0.070910       | 0.101229     | 22.571884    | 0.959596     | 0.090265       | 0.045791    
single_lift_sloth              | 0      | 29.573354    | 0.955832     | 0.017092       | 0.904830     | 25.063359    | 0.945989     | 0.053033       | 0.779578    
single_lift_sloth              | 1      | 20.878237    | 0.925525     | 0.105014       | 0.386163     | 21.170549    | 0.927857     | 0.101884       | 0.335074    
single_lift_zebra              | 0      | 28.623829    | 0.963412     | 0.012591       | 0.882601     | 24.621519    | 0.948570     | 0.046902       | 0.645574    
single_lift_zebra              | 1      | 21.213125    | 0.936476     | 0.095892       | 0.236096     | 21.012881    | 0.915753     | 0.132254       | 0.113292    
single_push_rope               | 0      | 31.774156    | 0.986625     | 0.008207       | 0.801930     | 27.876840    | 0.980423     | 0.015306       | 0.661176    
single_push_rope               | 1      | 20.408761    | 0.955746     | 0.114197       | 0.000015     | 19.693627    | 0.948763     | 0.135058       | 0.000000    
single_push_rope_1             | 0      | 32.145892    | 0.980430     | 0.009413       | 0.783253     | 28.773776    | 0.975045     | 0.021075       | 0.594360    
single_push_rope_1             | 1      | 23.038456    | 0.950721     | 0.118723       | 0.000000     | 22.298797    | 0.942496     | 0.135266       | 0.000000    
single_push_rope_4             | 0      | 29.689240    | 0.985223     | 0.010144       | 0.584500     | 29.303435    | 0.984271     | 0.011197       | 0.523874    
single_push_rope_4             | 1      | 25.834683    | 0.971480     | 0.103105       | 0.000000     | 25.602567    | 0.969098     | 0.112918       | 0.000000    
single_push_sloth              | 0      | 26.654278    | 0.940170     | 0.035349       | 0.829028     | 24.541744    | 0.931850     | 0.063405       | 0.718727    
single_push_sloth              | 1      | 17.273830    | 0.850158     | 0.212053       | 0.040574     | 18.043319    | 0.870903     | 0.179130       | 0.060813    
weird_package                  | 0      | 28.312150    | 0.959166     | 0.035891       | 0.741639     | 26.826420    | 0.967631     | 0.043469       | 0.303584    
weird_package                  | 1      | 22.936624    | 0.939874     | 0.081448       | 0.347521     | 24.884141    | 0.959011     | 0.055338       | 0.188005    
